<?xml version="1.0"?>
    <opencv_storage>
        <defaultDistortion type_id="opencv-matrix">
            <rows>5</rows>
            <cols>1</cols>
            <dt>f</dt>
            <data> -8.7668794535044198e-02 -1.7299304023734023e+00
                    4.7492086503450782e-04 -5.9452053386938996e-03
                    4.5849599764642965e+00
            </data>
        </defaultDistortion>
    </opencv_storage>

