<?xml version="1.0"?>
    <opencv_storage>
        <defaultIntrinsic type_id="opencv-matrix">
            <rows>3</rows>
            <cols>3</cols>
            <dt>f</dt>
            <data>  7.3146123697266341e+02 0. 3.4214068115045865e+02 0.
                    7.5122182053274389e+02 2.6406693205315929e+02 0. 0. 1.
            </data>
        </defaultIntrinsic>
    </opencv_storage>

