<?xml version="1.0"?>
    <opencv_storage>
        <defaultIntrinsic type_id="opencv-matrix">
            <rows>3</rows>
            <cols>3</cols>
            <dt>f</dt>
            <data>  7.4035004573118033e+02 0. 3.8132130347265667e+02 0.
                    7.6300743774235332e+02 2.6645769706032047e+02 0. 0. 1.
            </data>
        </defaultIntrinsic>
    </opencv_storage>

