<?xml version="1.0"?>
    <opencv_storage>
        <defaultDistortion type_id="opencv-matrix">
            <rows>5</rows>
            <cols>1</cols>
            <dt>f</dt>
            <data>  -2.2300531274830321e-01 -3.2314404052279089e-01 3.0094002108998368e-03 5.6575349648571355e-04 6.0092195148101679e-01  </data>
        </defaultDistortion>
    </opencv_storage>
