<?xml version="1.0"?>
    <opencv_storage>
        <defaultDistortion type_id="opencv-matrix">
            <rows>5</rows>
            <cols>1</cols>
            <dt>f</dt>
            <data>  -0.25533107203187461 -0.30217963193995573 0.0071045662334574319 -0.00070042059638559054 1.1209060483883591  </data>
        </defaultDistortion>
    </opencv_storage>
