<?xml version="1.0"?>
    <opencv_storage>
        <defaultIntrinsic type_id="opencv-matrix">
            <rows>3</rows>
            <cols>3</cols>
            <dt>f</dt>
            <data>  7.3082978323323300e+02 0. 3.5028456238228586e+02 0. 7.4980702832366569e+02 2.8468207755309987e+02 0. 0. 1.  </data>
        </defaultIntrinsic>
    </opencv_storage>
